Aux Mean [[-7.25632846e-01 -1.49376705e-01 -1.88974217e-01  5.87977409e-01
  -1.30801573e-01  2.63593411e+00 -7.58378431e-02 -1.34896869e-02
  -1.68191176e-02  5.55406772e-02 -1.49336485e-02  8.73483121e-02
   7.35163838e-02  9.64219123e-02  1.12406341e-02 -1.49934781e+00
  -5.27238667e-01  1.67280123e-01  7.12013766e-02  2.40995605e-02
   8.97426009e-01 -1.49941576e+00 -5.27084827e-01  1.67296663e-01
   7.11753815e-02  2.41024513e-02  8.97337139e-01  0.00000000e+00
   4.97830123e-01  3.30050558e-01  1.21345744e-01  5.70919889e-04
   1.80091400e+01  1.85140457e+01  0.00000000e+00  6.03899360e-01]]
Aux Std [[ 0.38858414  0.15686446  0.1023095   0.4185007   0.5371697   0.6599131
   0.23025306  0.10982704  0.0891872   0.24000071  0.15601271  0.34334546
   0.14771968  0.13866322  0.08701386  2.5381434   1.5639774   1.3140222
   1.1477972   1.176129    1.41329     2.5381014   1.5640041   1.3141056
   1.1479154   1.1762202   1.4133686   0.          1.4597825   1.8443307
   2.0004885   0.10630691 50.27291    50.104103    0.          2.2152562 ]]